1
2
2
4
2
4
7
3
3
8
7
8
2
2
8
7
14
6
2
13
12
12
14
17
16
1
14
3
10
14
16
26
3
21
16
23
19
26
15
30
7
35
38
21
10
33
28
21
13
8
14
5
31
10
7
51
28
24
48
59
47
33
20
36
12
35
32
36
46
33
62
2
34
17
58
64
53
43
78
39
1
47
24
3
41
69
17
32
42
17
49
43
1
55
78
48
62
17
64
30
93
16
5
67
36
102
103
50
34
59
35
94
1
56
59
4
2
84
70
12
25
62
51
3
113
6
53
113
116
21
130
87
99
91
96
38
62
71
137
17
94
114
95
14
73
104
92
57
149
50
144
112
76
26
9
62
103
2
64
35
94
21
22
27
69
67
84
132
83
96
110
162
61
92
22
174
174
89
165
102
96
60
156
40
50
56
106
142
57
143
131
20
17
141
175
136
111
48
82
59
26
38
78
80
183
56
125
30
172
76
200
25
101
175
59
22
41
196
152
5
160
99
140
5
137
54
87
48
27
192
28
181
15
190
225
150
149
138
44
50
59
66
22
24
89
82
90
187
199
205
57
213
57
63
56
244
99
189
97
41
92
170
180
243
254
121
260
264
206
16
72
91
137
114
259
226
38
13
245
220
152
188
75
92
272
112
205
93
3
150
240
284
259
110
277
196
37
281
242
156
236
70
277
150
241
38
62
262
156
86
196
7
220
12
24
59
78
30
212
52
264
41
312
134
28
326
163
140
284
6
249
258
255
228
222
281
88
172
184
67
266
199
72
161
124
326
67
348
317
58
166
305
302
267
144
305
95
344
359
90
152
310
301
342
230
251
283
103
303
303
254
79
26
10
311
183
213
145
23
370
190
76
98
34
77
64
379
378
75
283
220
33
284
181
182
97
39
20
334
336
334
387
355
90
344
40
259
94
296
127
97
212
275
212
44
386
43
261
236
121
383
37
212
170
255
157
70
118
188
59
343
100
227
118
105
289
175
107
115
260
180
280
251
361
436
327
255
50
258
115
190
179
328
231
216
425
11
68
146
63
191
207
37
419
108
327
193
338
104
150
340
334
413
22
158
20
66
76
70
112
387
465
15
147
41
287
410
405
60
166
212
357
360
377
74
269
182
488
299
